
9 6 39343 3118

0 2 35628 1568

14 14 20815 13692

10 3 40833 58720

15 14 32255 9297

6 3 51029 40259

4 5 33723 41101

9 15 33286 37435

11 15 10933 15350

1 4 35479 9049

9 6 20279 30605

13 13 5926 19487

3 1 28644 24017

1 7 51727 34161

9 2 42751 43579

1 0 35374 35769

0 10 45826 33338

2 14 17946 39131

14 12 36705 16217

10 4 51189 5461

4 7 30131 20724

7 5 12116 65495

3 6 34985 10792

7 0 7944 18977

4 2 9256 43707

5 0 56012 721

5 13 50683 45880

7 12 16109 25745

8 6 8153 20489

8 6 64415 33107

7 10 35994 29353

6 0 41918 59913

2 10 48606 17808

3 3 4688 11728

7 3 43195 29108

12 7 58290 44210

15 12 44490 63280

9 4 45762 12430

5 7 17437 25426

6 5 17348 22020

13 5 56703 29808

7 11 54416 23876

12 14 49259 14728

3 13 37554 17132

13 5 33083 44897

2 9 48257 35581

0 14 4453 38377

10 8 38147 40061

9 10 22133 4983

2 14 19596 35454

9 11 54207 9850

3 7 56202 36541

12 13 44190 7953

15 14 60587 43772

13 13 52359 2115

15 7 27850 2606

9 3 19793 35157

12 12 52592 22084

13 11 2458 12139

7 5 61630 18220

7 10 42227 52122

8 11 60711 23084

6 10 12663 54065

6 10 37713 6144

4 5 44579 32824

15 13 61410 40139

4 9 36279 49488

6 12 30528 8020

10 6 45026 63569

2 3 44515 55107

4 8 32833 44008

0 13 41520 4967

8 7 10395 41000

6 14 18563 49813

10 11 50517 16849

15 14 21397 35190

15 0 10615 20483

3 9 64594 42641

1 6 33422 4737

0 5 47698 41160

9 3 2233 39944

5 13 3922 2154

0 4 159 54684

4 1 15730 34013

11 7 38101 38044

14 8 42495 28030

4 1 41603 34372

2 12 41195 1279

3 10 36580 64370

2 14 43937 64032

10 8 45166 47094

10 7 37797 24446

5 5 22663 32761

0 5 27588 63352

4 8 2222 41898

0 3 60052 33448

8 12 19795 95

13 8 50836 5649

1 15 20136 19600

6 4 46790 36226

7 12 41902 52476

6 11 33768 6351

2 8 154 31813

8 14 459 3751

8 11 38660 29845

13 9 7510 57217

12 5 40707 61070

8 13 32396 39848

1 15 34701 51920

4 3 61327 27176

4 5 32796 18448

12 7 49493 17441

11 3 17509 41032

4 14 56449 62625

0 7 42920 33002

11 5 64981 64673

10 10 41235 44751

12 10 31913 63373

4 1 41821 37347

10 15 38669 29254

10 10 42001 4908

4 8 1856 17704

14 15 43931 35723

10 3 40751 31486

2 14 9200 11112

4 7 47971 12938

8 6 9288 31552

0 11 44480 38830

14 8 47290 7711

0 15 58040 41898

14 8 9565 23671

8 14 54847 54684

5 3 46458 58415

10 6 10549 52573

5 13 906 10656

13 14 8355 43167

4 10 62859 43497

1 14 43734 59122

1 8 21973 35144

11 12 5631 22214

1 0 24011 29009

6 11 46038 51158

11 2 33675 35468

12 8 33370 52943

9 12 17288 35005

0 10 6791 52403

3 10 52639 7637

8 0 16231 38935

13 5 27502 30487

4 7 17423 28087

7 6 41961 35764

4 0 32782 64932

2 5 45100 44010

7 7 39475 64941

15 10 1956 63862

8 4 51099 54700

9 3 25625 61247

9 2 56291 46444

8 10 39972 27572

15 4 39691 10794

13 0 30341 5980

2 9 61185 34270

14 1 17028 33690

5 11 64102 36494

5 7 7782 11607

7 11 42915 43468

4 8 37175 23877

7 11 46465 61391

13 1 24375 32629

0 15 25221 20816

7 5 14271 32696

1 7 43693 10402

9 2 29569 41902

15 12 63396 64587

10 2 27009 10122

2 14 14213 20235

4 8 11575 4164

2 1 43993 20274

0 2 60339 9370

10 11 16011 64222

5 4 19127 43535

7 5 43450 64530

11 3 20308 22802

11 6 28791 5200

13 12 19814 50375

12 5 64454 1041

2 15 44062 53828

0 1 59511 17544

14 4 3974 60382

12 10 13063 47654

0 5 54532 59741

11 2 45063 22810

5 3 730 34818

0 6 22278 49942

8 15 13505 23990

2 4 62801 54742

9 2 62678 64790

2 2 54999 25433

15 0 44066 10384

8 12 51818 29387

9 14 196 61818

11 14 36395 47267

15 14 60253 32624

2 5 30500 24547

13 5 54723 65521

0 10 60703 21849

13 11 55367 64930

4 4 27402 63515

8 9 45025 24302

1 4 12040 42223

13 2 12738 21767

6 3 60931 27663

10 9 12136 45974

14 15 15893 30043

8 11 2634 43854

7 14 41497 8680

6 1 6895 10342

13 9 47558 31476

9 0 5367 30047

13 11 37141 22752

7 4 7159 62900

6 13 26988 61980

7 13 57518 33704

9 9 41907 8724

7 4 14084 17157

4 1 19013 7055

4 15 63530 45729

4 1 43713 15987

7 12 41880 11173

10 11 60168 65194

14 11 270 26500

8 10 21779 32178

7 1 17255 29492

10 11 28642 21877

14 13 12033 28044

0 9 64675 27638

7 1 17959 64442

8 11 49148 44717

5 5 38999 55161

7 11 33893 1597

0 15 5614 54855

6 5 7495 54673

13 6 34550 37547

13 2 11399 48563

15 9 44586 60111

15 2 40934 18153

8 4 1977 48909

14 0 4357 5972

14 12 17477 13581

8 9 4823 12293

13 4 44910 44910

13 7 4028 48238

3 15 25255 12222

1 13 7150 48319

9 5 25155 31504

5 10 64786 7267

6 2 26793 61725

6 2 42157 4024

3 10 17393 53709

2 13 26943 52549

7 4 61309 62736

6 5 65420 59857

6 5 12263 41107

11 3 43172 42963

1 13 6786 61683

6 6 33217 12234

1 15 55123 53875

4 5 46965 44539

0 12 20581 54261

0 15 17861 12127

6 15 11082 34336

1 14 18631 24586

0 2 35554 38638

2 2 37481 14239

7 9 30663 26055

10 14 20845 30166

0 5 52695 16231

12 7 65296 54205

7 3 47028 4344

3 10 44218 41898

6 6 33600 16527

15 13 30210 59897

5 8 10079 17787

13 12 65289 30702

8 10 38787 63334

14 11 31702 59431

13 14 58262 42730

10 2 25578 43562

15 1 24285 62587

14 8 34416 19924

8 10 20220 43259

5 14 65501 60834

7 4 1946 59437

15 1 33451 58758

12 6 34708 28471

6 14 30205 328

5 11 30716 5456

4 13 7427 33624

3 14 57906 32314

5 1 27627 33388

5 0 65244 15037

4 7 65035 40930

8 8 64716 55327

6 8 38041 4196

8 10 20264 25357

8 1 54353 13111

8 9 36524 59070

15 8 37337 10328

5 5 44385 59818

13 5 43578 57530

12 1 38081 7088

6 9 214 58521

0 12 9317 9668

1 8 22112 15953

15 12 11599 2546

12 0 49766 42911

14 12 11069 43406

2 9 51894 14781

10 12 27029 37732

14 0 60710 9117

13 2 61331 51867

1 1 43664 268

13 4 5585 54229

5 5 25860 57685

14 2 61715 38804

11 1 46403 25069

8 15 45057 59022

14 12 52011 20586

15 2 42638 2512

15 11 37767 13172

2 10 34117 1374

11 11 471 1044

15 1 9389 10482

7 9 22319 54853

13 0 58593 47754

5 12 3726 30725

0 5 43914 44603

10 0 56168 27527

5 13 22361 30487

8 4 23129 9111

1 11 22989 56441

3 10 23672 17183

15 12 19620 3658

6 13 33318 19875

6 15 11211 64314

13 2 64156 22632

10 13 28365 22072

11 2 53396 24937

12 8 59833 47473

13 4 64453 23678

1 15 43170 44041

7 3 48865 8878

15 0 24797 17569

11 13 5188 55075

11 3 60123 50683

1 5 19076 39506

12 12 59993 31397

8 6 43651 30899

5 6 40977 62853

10 11 62489 28743

14 7 577 31540

8 11 46993 30273

0 10 25289 58777

3 14 45993 46053

15 4 2202 64424

13 4 42555 28610

5 1 2051 48071

10 6 52785 15847

6 15 38341 57829

1 5 13236 60369

6 5 459 48612

6 5 44722 59851

4 14 64928 28399

10 8 13978 31358

14 0 28996 33950

12 14 22036 64820

4 14 20821 44409

10 2 6266 26022

8 6 45511 60600

15 7 64242 47785

4 14 65523 15035

5 4 50746 28334

5 4 50449 21393

15 12 17784 29729

15 14 17561 48137

14 3 41178 44937

4 10 64541 31749

12 14 26994 18179

15 4 30197 3541

14 3 40157 3053

12 13 16899 61569

4 11 42739 33356

14 14 18894 25570

7 12 25649 33257

7 11 19030 58071

15 0 22519 1361

11 4 17791 17775

8 4 23685 40269

8 10 2098 64365

8 10 21102 39662

10 5 45698 35354

9 10 16936 3714

14 15 4211 56927

8 11 20815 23540

15 9 20480 63245

1 3 49586 52815

2 3 9602 47288

13 9 33698 42975

5 9 2909 41518

3 8 39592 42714

13 15 50647 48188

4 5 36802 51191

10 13 4983 39679

10 9 56072 44139

10 8 27174 58034

2 2 53416 57639

0 1 30978 6968

9 7 56432 38336

14 2 65186 9000

7 0 63464 39776

2 1 28207 51774

12 15 57319 48898

3 3 9053 5717

6 5 20037 8002

4 1 17819 53867

15 15 3164 10109

15 4 10234 44875

1 5 61337 9982

10 1 12115 45755

15 15 12945 49128

6 10 1884 37727

11 0 13172 46685

9 8 56868 2355

14 0 16861 19

10 10 60964 13087

6 12 48702 43447

8 5 65195 2235

13 14 43764 64190

11 7 36677 31951

15 2 51588 22457

15 9 17633 309

15 3 8397 36153

13 14 58743 14508

6 12 57512 20152

4 0 26605 41511

15 2 43722 26604

12 10 58897 38887

6 1 35466 2423

5 5 16497 9205

14 4 202 42155

7 6 17990 55261

15 13 16379 26085

12 11 21878 57537

14 2 23883 37997

9 6 49275 59520

14 14 60205 36416

9 14 61305 14344

4 2 45771 41401

8 10 63292 61580

9 10 50785 32179

13 4 48980 38417

0 7 54865 55444

5 10 41583 46653

7 10 16519 55978

5 3 61992 16793

14 8 59957 6561

9 7 62302 22397

10 1 24005 55441

3 12 22282 55241

14 10 62869 31109

8 3 5011 40673

15 11 8608 33449

14 10 43725 41004

10 14 3624 276

14 10 19549 48381

9 4 58780 61751

4 1 29004 38838

7 4 32312 21875

1 12 16047 34990

4 12 12008 56235

8 14 29847 1021

1 10 25856 21948

11 7 48770 43049

4 7 45324 33964

8 14 60096 27374

0 8 36474 32235

9 10 27726 1349

6 14 51769 16611

11 14 18661 18329

9 15 19163 23764

14 15 58990 28568

4 5 30939 18160

1 4 46272 62041

9 8 46827 52470

5 9 55768 18710

0 5 13531 6524

7 6 17708 19778

15 9 12817 1393

9 14 59562 19032

5 2 43739 54078

11 2 21806 3667

13 10 45098 52913

8 9 23866 17633

7 14 42027 17171

5 6 13812 5248

0 11 13980 5220

9 12 14526 50922

13 8 42559 23499

12 4 32548 48035

14 6 40697 6897

11 4 65089 25473

0 12 7241 4417

9 7 9550 40880

10 11 55818 27556

7 10 25941 52633

12 0 23645 20918

15 7 42339 7236

5 8 24095 62816

15 5 36773 59486

13 7 47107 47209

7 5 746 53280

15 7 14954 65189

13 5 51187 29798

6 5 48467 54845

13 10 29694 53600

6 11 30573 40675

8 7 10594 33387

2 2 53966 30354

15 8 11272 677

2 2 10530 14000

14 15 19779 53344

0 0 17368 30075

15 14 53709 22309

5 5 30631 20981

6 7 38056 8204

12 2 3334 11766

5 12 60058 1170

5 7 56970 26716

0 5 54520 5340

9 4 21956 29940

4 7 44831 40149

6 15 30654 38861

8 5 45675 34984

8 10 41634 13246

10 1 1401 2521

6 6 34287 55667

3 7 380 14872

1 8 35310 64102

9 5 28632 9192

6 13 40563 58615

9 4 30058 24768

3 8 38402 62678

1 7 26624 4352

1 10 41564 28897

3 1 65194 6976

8 15 53002 41954

15 4 56494 12842

0 3 688 27363

2 0 38076 14935

10 15 17553 33873

9 2 38757 3781

10 8 30016 13615

4 2 44014 48875

11 14 46280 44891

4 3 63207 58735

15 11 10550 11179

1 13 28833 57627

14 14 35131 21968

12 1 29940 54277

10 12 4687 4428

5 5 65467 61351

15 7 33513 65257

6 10 65013 36037

2 8 59779 14671

6 2 50095 19009

11 2 53508 12352

5 6 34602 39099

0 7 10732 60080

7 1 32031 55039

5 12 24939 16990

14 10 40952 32181

0 14 13437 65347

15 12 33338 5010

3 12 27746 45858

14 14 60404 41093

1 11 41610 20629

3 12 50168 20597

8 8 27690 32150

7 10 9676 46565

10 12 21229 22782

1 4 6382 42912

2 13 11177 39535

8 3 4778 62232

5 5 25184 57641

14 4 23282 65460

0 12 14286 18805

3 11 24178 57307

10 10 54869 43817

11 8 10042 36243

2 9 37747 44011

11 10 52966 13056

7 14 40068 2440

11 0 10191 33277

4 10 39717 9726

5 12 52299 16128

13 13 21963 54342

0 4 36287 49570

4 0 62090 48333

0 12 3991 4119

15 12 5280 17569

4 10 48758 3208

8 12 2787 61101

10 10 40874 11402

9 3 36066 11964

10 14 38208 19044

10 6 54454 7685

14 14 12625 58335

4 9 58839 40161

13 8 45376 60070

14 14 14037 41479

6 4 41918 60366

5 13 63226 25825

1 12 338 7028

5 7 54523 25667

3 6 24626 6637

1 15 3288 1171

13 9 10683 23215

2 5 56010 8426

2 3 19420 60285

7 10 35512 8369

7 10 26197 51365

10 7 9613 12300

8 11 34408 33089

3 15 54709 62500

9 11 62457 35557

2 1 1341 45230

12 5 44264 41608

1 0 60592 48252

13 0 5128 5392

4 15 17905 5471

9 4 18645 60254

10 6 43050 38826

10 0 21983 8039

15 6 34110 24533

6 5 30813 27999

15 5 13623 47859

15 12 14888 64047

1 15 62128 45991

5 12 2350 14741

15 6 40661 55938

1 0 34616 14669

11 5 4829 53543

2 4 6477 59143

10 0 3461 30611

10 2 47106 43686

10 9 60136 26002

3 9 58316 35076

1 6 27145 33720

0 2 43205 47734

10 11 22597 21809

15 3 47057 62789

11 0 29236 52540

0 3 34970 41719

7 3 12476 19364

15 13 27142 10926

5 0 46481 36465

4 12 52443 30079

6 15 13688 34129

15 9 22972 9437

6 8 65009 26301

2 6 16306 43354

9 12 36792 41720

12 8 4635 22999

0 14 63217 4201

2 14 49322 61115

8 10 19146 39787

15 13 30666 32766

1 5 42986 4827

1 2 28980 52571

13 9 50997 56406

13 14 12853 21864

13 11 37011 58695

6 7 28960 50467

13 12 51890 44266

1 7 58941 40495

0 9 43723 48314

2 1 19712 14148

12 10 18214 3828

12 4 21569 53595

14 0 57105 22429

3 15 35466 49034

10 11 40758 20153

4 6 60889 22770

9 12 46491 43567

8 1 54165 53924

13 15 4547 39493

5 5 58661 23844

4 5 24381 38098

14 10 44073 43948

11 5 54251 64079

0 0 63723 65463

0 0 37997 6384

6 1 21267 50315

11 8 3625 19668

12 6 43369 47415

12 5 44890 46730

5 5 39277 16415

7 15 41296 15361

13 14 63987 22391

8 11 65525 54623

3 14 54227 32525

14 1 57550 41221

11 7 8960 12675

8 15 19119 6806

3 12 33233 7431

2 11 22879 21712

3 3 13399 12769

0 4 23550 6136

11 10 25295 3557

11 12 60343 8686

0 9 27107 35307

9 6 12833 60843

13 2 60607 49253

11 13 4953 48582

2 6 32471 55487

9 6 60086 17709

10 10 12056 47658

10 15 47274 59192

5 9 43656 35450

14 11 15584 27554

10 3 57939 39217

10 14 10485 5499

4 5 62491 30458

1 5 29975 41241

13 13 25731 22968

0 12 8512 10637

0 4 16724 53662

3 1 9507 16217

4 12 35582 41780

0 13 48936 14335

8 12 60818 60479

2 13 9102 48857

8 14 1299 65118

10 15 5982 61457

8 12 50593 26971

11 13 16454 36208

2 8 59362 39645

12 9 28366 3386

4 1 42658 14619

4 12 35399 44770

1 12 5017 37641

15 1 5236 50573

5 5 29153 30568

7 13 2135 53751

4 8 47530 42664

9 7 40008 61353

5 4 47596 57004

6 14 50139 41462

0 15 46533 25058

15 14 41222 14675

14 10 58973 35484

8 11 55600 29700

9 10 35470 43562

9 2 43950 8430

7 12 35826 47288

1 5 39739 14908

0 9 324 21757

9 9 5969 7257

7 2 28122 42575

4 7 11952 34472

14 14 60775 41046

4 9 18159 1271

7 2 31068 48949

13 6 48730 22101

15 4 30659 34985

13 13 10323 55808

5 7 37046 42554

4 5 35505 44161

7 7 22749 60797

11 5 15829 30168

0 1 41473 65363

1 10 15793 48533

2 10 43575 23102

15 8 12016 43184

2 13 44781 24041

11 12 31209 42145

15 0 63283 51507

8 14 31191 49505

5 6 25991 31819

0 13 30973 40055

6 0 28672 47562

15 13 2088 11846

5 7 37318 43224

12 7 47123 2762

15 13 42439 27743

9 11 30806 9821

13 3 19718 50628

8 13 15166 11599

10 10 51594 25262

9 11 7118 3824

13 9 16511 38321

9 0 23269 51092

10 6 19182 37002

11 6 39598 36652

5 7 43387 44065

13 0 60132 36518

1 6 30473 23837

9 7 56321 20788

15 9 39175 13379

1 14 8638 9056

13 1 40743 48365

5 4 15932 4068

9 9 47654 12218

6 8 8687 53639

12 12 58669 10165

13 0 59718 54478

10 11 16790 21976

14 11 40341 31061

14 0 10144 41916

14 3 45001 27221

5 13 61311 37930

15 8 43986 62728

8 0 20569 1108

7 9 41557 54608

6 10 13168 1421

8 15 23217 54869

15 5 57948 808

13 3 36480 64608

8 4 14866 39726

8 10 20130 51850

6 10 22033 21792

9 10 19728 24110

11 5 16626 14312

1 5 40424 37277

6 1 63045 30200

2 7 5462 39269

7 2 16861 52636

11 7 58775 40415

10 5 26792 18446

10 2 35491 49006

7 14 44617 27963

2 9 12002 65067

0 15 53581 16695

6 14 40643 1801

5 0 21228 32570

2 15 28199 65492

1 9 30958 9121

6 6 11278 43968

1 5 52736 33456

15 15 43579 23438

5 13 4183 50164

6 11 23839 34251

9 7 56805 45350

13 14 8049 61623

5 11 25699 42722

4 2 44662 15116

9 12 11898 2975

9 14 36616 37581

3 11 30046 1744

11 14 38256 58461

12 7 19766 6409

8 4 44438 10233

13 13 52491 35361

6 5 64430 8425

5 5 24025 54273

7 6 30388 42325

4 1 11455 31438

0 1 58924 27049

5 15 47917 40628

6 3 44454 46813

12 11 28933 21916

8 13 60819 42853

10 2 281 22001

2 2 31957 54985

14 15 55640 13723

0 0 60788 45224

0 6 34907 19253

14 4 10822 39934

7 9 36929 2868

0 6 23605 371

15 8 8307 28648

1 5 31833 60532

14 15 47846 52062

6 5 27695 43947

3 9 60266 32205

8 12 64408 61422

15 11 3155 21805

10 6 30796 50570

14 14 1364 22397

1 14 12683 12050

15 11 8950 54716

3 10 64188 34827

9 14 47394 36779

5 15 15951 46008

5 5 48395 3545

5 0 62809 54652

8 11 32936 43018

10 8 56523 6930

11 7 55583 48524

9 11 21412 22471

14 3 50247 58843

14 13 56771 23925

5 7 37897 35531

5 4 36315 37385

11 3 23728 65064

15 2 43706 41482

1 4 7482 32760

12 15 12255 47428

8 2 55749 61812

15 2 64049 37875

8 10 31085 59696

4 13 45739 2785

2 12 4888 31010

11 7 4639 28392

2 7 24957 41941

2 8 5097 53223

9 13 32572 53614

11 6 13020 31940

9 7 2351 50085

2 4 12980 55810

2 0 51877 60301

3 13 35560 25443

10 0 18199 30145

10 14 21481 6515

14 7 60225 7517

2 7 19149 26486

13 0 58184 15529

10 14 60077 41064

14 1 17421 35084

9 15 3926 21876

9 11 61067 39566

13 10 63991 55722

14 7 61170 45051

10 13 3892 29496

5 0 30416 1155

13 11 50708 5200

6 4 15611 36247

13 1 15398 16984

5 3 48875 40859

13 8 43656 38627

13 0 30637 65465

9 3 15818 43642

4 3 28894 65464

6 4 21763 35225

9 11 29767 17552

3 5 38166 31783

8 2 32106 48314

6 11 39726 30911

8 1 28234 52384

1 3 60298 44157

5 1 23943 56464

5 12 17686 62933

1 5 21245 1132

13 5 21909 7376

6 15 48316 36462

1 15 54811 48374

8 4 23480 51387

10 5 28178 65488

10 1 29461 21777

2 10 14170 29200

9 1 41099 43683

12 6 30380 13350

3 2 29845 25929

7 3 48855 22063

12 8 23623 26189

5 2 30670 28775

11 3 43758 58416

6 11 15282 6987

14 13 44027 59146

15 0 49130 57977

15 14 44159 46438

14 1 6989 61273

0 5 61365 64862

5 0 31485 28060

14 0 17695 47319

2 4 57893 34976

12 0 4762 11148

1 1 41542 2723

14 4 30111 64981

4 11 46020 40307

4 4 24402 41437

1 6 63474 6286

0 15 37890 45963

8 11 50169 10699

14 10 11935 47761

2 2 17839 2183

14 10 21591 49119

7 8 30125 23317

15 13 16070 5975

9 6 22343 26727

1 7 49683 582

6 0 11530 6230

0 14 27697 13123

6 8 31053 15632

4 8 60411 43827

14 5 47292 35200

14 11 2810 58347

14 14 30918 61053

6 7 49423 25984

10 12 40193 9783

11 11 64736 29012

2 8 22965 29814

14 3 60632 58988

11 1 44217 49022

1 5 6843 10910

14 8 15678 55486

14 10 43385 63518

5 1 21812 49165

15 4 17710 52323

7 7 26400 17737

3 13 41982 12698

1 9 20392 43172

14 5 29626 3054

6 9 47738 51073

11 8 35155 23451

13 15 5204 37269

10 10 5630 24861

10 14 2070 61892

14 7 44750 18927

0 10 29310 5088

9 1 9974 51339

14 1 39447 30972

0 3 18423 16655

1 7 27415 64

8 6 37546 19118

1 11 3756 11153

6 1 21284 32741

10 14 24125 16925

0 4 9472 18493

5 3 32142 23639

7 11 723 2082

14 5 13870 36443

13 13 14538 11630

5 13 61385 47710

7 5 16789 18883

3 4 26045 46973

15 8 29276 31446

4 12 27727 41335

0 12 35410 10978

14 0 60662 33111

0 8 42986 42412

10 8 15898 64185

2 10 63838 1748

5 6 56593 56387

3 8 55127 32616

5 0 15767 62605

5 8 33706 12074

6 2 41016 24488

3 9 45230 4655

7 6 41132 43821

15 10 61886 14125

5 6 57529 57256

8 14 53511 5503

15 15 465 52661

10 10 30621 39517

0 2 26672 42406

14 12 57406 46212

10 12 12576 5488

14 8 49838 58938

9 2 10530 10666

13 12 48314 43649

13 14 46694 56298

10 10 17769 52289

4 4 41302 39240

15 4 21845 32860

7 7 24725 33333

5 13 61178 3119

5 7 44788 60331

5 14 63056 1129

0 10 26275 44793

3 1 4361 17415

11 3 22177 15476

15 2 64067 1561

11 10 28177 60569

8 2 60137 42506

4 10 27659 27792

6 15 48034 24888

0 15 44202 52407

1 13 789 17264

12 5 36167 55591

3 2 23941 26013

8 1 44845 20769

4 11 58035 28360

8 1 59903 51619

0 10 7236 44458

10 0 65317 44589

7 3 19524 19781

3 2 41529 25925

0 4 63819 58592

1 10 44394 29423

12 0 23859 21844

13 0 38310 22998

0 0 32767 25893

10 10 30008 4831

6 11 16546 41

14 9 63529 46673

7 2 9276 57899

12 1 46718 44938

4 3 29779 17524

12 10 31865 62556

5 7 62791 15911

8 9 45933 5954

5 5 51497 43687

5 9 33615 11850

4 5 15503 27374

3 11 27266 45571

4 12 50447 60399

10 9 56545 8987

4 7 39934 60646

11 10 55809 9569

1 0 47821 56684

8 5 34883 43364

3 12 43617 30248

14 10 42932 64714

12 11 40941 373

11 1 34167 28631

0 12 62041 31713

6 11 13973 63844

1 15 27144 43750

5 5 49117 43908

1 1 25933 644

13 1 32086 1317

7 9 11325 32429

0 4 48059 39531

8 15 10120 20136

12 11 60575 60997

4 13 1102 26073

14 0 21696 57093

3 4 14172 368

15 4 343 18097

2 8 16206 61114

12 15 9675 26625

3 12 7656 58618

1 0 44610 48155

0 5 53548 64469

4 5 13633 54453

7 5 14540 56161

8 4 18029 2818

0 11 27038 64373

4 4 36270 43650

11 5 43310 48162

12 7 45615 52522

11 13 26902 55140

6 8 5133 27660

13 9 1731 9554

10 14 52470 16862

10 9 52159 52130

12 1 47812 18906

4 1 40555 51290

3 6 60985 29610

0 5 5262 24896

12 5 18457 25882

8 6 35031 35498

15 14 9402 12359

8 6 56400 21539

8 2 42124 17749

0 1 32735 23014

1 4 3577 15301

1 7 53643 33170

11 7 565 10884

5 5 37448 39562

15 15 44463 14846

11 7 50523 44172

4 12 1871 47047

3 9 5912 47224

7 11 48429 23251

5 8 31784 55460

5 10 11368 24800

6 12 61076 43243

10 11 47014 5692

0 0 23709 61612

4 1 14320 24059

3 15 18012 46795

15 1 38225 31574

9 9 33417 45066

5 0 42149 18624

2 6 23288 54162

10 10 4120 19244

12 12 39877 30558

7 5 17575 5431

8 6 20983 37267

2 12 13597 15698

8 7 59621 8619

15 6 26636 15080

14 11 39249 9967

10 6 11509 24837

14 6 39155 34537

10 10 48121 8998

14 7 39501 11407

4 13 44663 44077

6 13 54280 15623

0 2 29282 45073

7 9 13154 1620

14 15 50281 1307

12 13 15911 43882

12 7 42505 17946

2 0 42378 26266

5 3 54809 36623

10 8 20279 5837

2 0 21561 11541

0 1 23921 19545

4 1 55181 63240

11 14 61245 57304

6 13 29291 42777

1 8 56417 44602

13 3 19163 63660

3 14 1137 55160

7 14 10200 57412

9 1 30149 2030

13 15 1429 5193

13 9 42451 54666

7 10 52157 8263

14 6 14759 14137

11 10 9130 52523

4 12 18811 30549

3 10 45542 22274

13 7 47098 41480

5 6 5764 59386

12 7 56134 30543

4 12 30165 21625

9 12 48974 8512

13 15 5977 61437

11 10 48390 4448

12 7 4298 34891

8 10 9870 17980

6 10 41640 970

13 12 29982 25970

2 8 13451 14035

0 0 53400 19924

3 2 63024 900

13 10 21034 2854

0 7 58370 51370

13 5 55016 34710

7 1 14018 17336

7 9 22136 19349

5 5 28162 57180

2 8 54736 63015

11 14 21763 26226

14 14 51593 43106

12 12 19336 11818

6 15 28390 9930

14 8 62186 49366

7 4 19935 18135

6 4 30329 199

4 13 8143 58574

4 12 30833 17879

10 0 34444 41126

4 5 59561 27531

4 13 30695 20484

12 13 26033 40087

0 4 28310 35484

9 12 58952 43673

8 13 40663 64104

5 14 56036 14619

10 8 1589 54095

0 3 8349 36185

6 11 3425 27155

10 14 53984 19521

10 6 8259 43702

0 6 32461 50955

5 9 3369 1322

4 5 40932 59883

8 1 16736 30198

0 15 58695 58725

13 0 42584 36099

1 12 7501 4609

12 1 35950 4083

9 12 45027 43753

11 10 61404 57518

12 14 43875 60002

4 10 25941 49222

9 14 34581 43595

14 13 4024 21220

9 3 5845 17819

8 6 12210 59640

10 10 15031 44543

11 8 59112 39141

4 2 10736 31407

4 0 27980 17765

12 4 3553 17382

10 10 25241 712

9 9 3816 43545

3 4 21972 12772

1 15 25933 26065

0 15 17977 29819

9 9 7789 3607

3 13 9751 43146

1 7 40726 28597

9 5 35177 35609

6 7 19058 48296

3 6 43509 54879

15 13 13343 20252

13 10 21837 36113

1 7 54357 48212

7 6 59116 43122

3 3 54308 40180

2 1 61033 40578

2 14 42636 184

2 2 23900 44463

11 9 22524 29909

5 0 24901 56902

7 15 24009 50781

11 3 43658 18124

7 13 12225 3304

0 4 2658 10266

3 14 65096 16312

3 11 56828 59210

1 12 25937 5628

2 12 34643 61897

15 14 32351 30389

11 8 49916 16042

10 0 20014 40627

9 8 46036 28697

11 11 21925 26443

15 2 48044 58100

10 4 36780 9709

6 12 3723 64237

13 14 23494 45802

14 9 1346 37364

9 0 63558 37953

5 12 28482 2146

1 10 18503 31877

15 5 9930 15535

7 5 43554 63644

14 10 43592 10371

8 10 58602 27185

5 11 32860 9287

14 6 16407 19534

13 3 62687 13585

10 13 22357 16503

1 2 45230 9903

8 10 51295 52194

12 0 11873 6528

1 13 46769 52446

12 15 40527 53521

5 2 11793 17910

5 5 8116 62298

15 12 6509 56387

1 12 18351 11099

11 4 15335 64462

4 2 29622 29088

11 2 2858 23843

10 10 4436 12563

10 12 486 589

4 12 47239 9895

1 10 46576 49058

0 13 59685 22567

0 7 43345 13670

8 0 3547 28611

10 14 62935 15291

10 8 58521 24723

2 11 50026 15544

10 11 44726 29466

10 11 35944 44771

8 15 13520 16415

10 10 51054 22001

5 8 59263 54337

3 5 3418 61540

0 7 48046 49795

10 2 32972 37623

1 0 64384 10738

11 6 44059 36600

2 4 48512 60889

15 12 11741 5757

5 6 20677 39697

9 15 26899 55017

4 2 36483 39596

9 6 10719 42951

6 0 47281 2712

11 4 29534 45898

11 8 19955 21492

14 15 25951 45895

14 0 11807 16285

3 4 77 32219

7 6 59948 44686

4 4 33032 10378

1 13 34113 18247

6 2 24065 27011

9 1 46697 19426

5 1 32610 47885

1 5 41084 62244

15 4 64544 3767

12 1 45511 21269

5 15 20829 4529

10 15 51581 19901

2 15 2519 2883

11 1 43627 57247

0 6 62669 25313

6 9 8185 41419

2 5 43915 12074

5 12 5441 61876

2 6 5290 21640

1 12 13684 443

13 2 1105 50677

12 5 46842 3003

9 10 41170 36012

10 12 45800 11194

10 15 47353 61349

10 12 46937 19724

11 12 29328 60785

10 11 36320 52300

9 3 64256 33189

8 6 48562 19212

8 8 43782 15274

0 1 15586 44084

1 5 63784 52052

5 0 25876 38164

5 4 64816 31048

12 14 23360 30178

3 0 11969 1035

11 8 38005 14327

11 10 5149 29795

15 14 21997 32757

4 3 54359 5209

15 5 42662 59941

9 1 46322 43659

4 14 41642 14921

3 9 28657 59937

14 3 9830 25395

7 3 48595 18117

6 2 45614 19528

2 7 32095 24375

4 1 45743 19850

11 7 14596 39638

11 0 3745 10016

8 10 24572 51779

7 12 22463 24569

10 2 5949 64732

13 4 55153 30068

13 1 23741 27219

5 6 57594 45491

13 11 60343 8582

3 1 47841 4775

9 1 12184 32064

11 11 58075 13079

12 3 26110 43357

5 4 48101 54277

8 10 61337 64721

13 8 10790 33866

12 11 11406 43709

14 11 26577 15669

14 10 30352 22754

11 8 42434 46571

14 0 32308 43750

13 5 32243 46446

13 10 46600 44842

7 12 25941 37187

7 15 51524 14072

7 3 54052 6051

5 4 21888 18433

7 5 7202 46756

7 5 19954 58065

3 9 60077 61411

11 7 47002 44762

2 2 53009 27649

2 6 17182 3590

5 5 22081 9574

8 11 33145 26718

10 2 57025 1976

15 12 11082 60302

7 1 65275 43640

6 11 40702 48590

8 0 30297 7228

14 12 63949 38344

14 5 15476 27840

8 3 24941 1140

4 4 40634 36008

12 12 60398 47272

0 9 13948 48674

1 11 41325 63019

0 13 54476 57443

2 3 34148 49157

12 7 16555 42886

12 14 44808 45776

5 11 17768 33629

3 1 21781 30487

8 11 33617 54947

13 6 63305 61907

3 2 61579 4814

11 9 28106 6625

12 14 24620 665

8 11 12198 13144

9 11 48417 30685

2 15 20405 29669

8 13 61533 24339

1 5 18228 55190

15 4 53144 35630

4 6 35734 62124

7 13 49186 4908

5 5 52042 10805

7 12 18766 18220

0 1 19417 56316

0 3 29501 22333

15 5 53127 3511

6 6 61603 59567

12 5 55850 53308

2 10 41519 2946

14 6 38982 47274

15 8 25181 26823

11 2 23115 4476

4 6 10813 56359

9 8 54869 32025

15 12 36523 42542

5 1 46779 15499

1 0 24309 33397

10 5 49346 19279

5 12 60548 37547

5 5 25286 64107

10 12 24486 60330

9 13 9147 11627

6 8 62854 61712

15 3 8238 56689

4 14 49797 5526

14 4 38469 37971

11 14 59067 60567

11 2 63598 31698

6 14 50850 8174

1 5 13968 46638

0 13 39942 7996

3 1 3942 21758

4 0 19739 38741

13 3 8178 13270

9 7 44950 45524

14 11 36840 60621

10 13 51643 36860

13 11 12986 62110

3 14 49477 44028

13 10 46706 59261

4 7 33590 38705

5 10 54372 64732

11 2 50174 43256

4 6 44385 60668

0 1 42887 53113

3 12 48796 31954

3 1 10629 17748

0 5 61625 62769

8 7 41344 11662

10 10 28302 14986

3 10 63255 64989

8 4 56525 8019

12 4 4240 30815

2 6 22524 30667

5 2 37062 14378

7 0 37629 3723

15 5 14055 64859

10 2 2786 24809

1 1 32725 56607

4 5 37749 26697

2 10 52417 52179

2 2 29479 63913

0 8 35360 20027

10 6 37435 51757

14 6 47289 36383

4 9 35528 36008

9 15 61557 15799

14 3 39110 27439

7 1 31105 5940

6 9 18377 31254

12 7 60579 37690

6 7 5128 33531

14 4 42573 13746

2 9 8748 12931

5 12 54557 26615

9 1 31864 25461

15 0 60477 16318

12 8 41765 54877

15 5 27199 19128

0 10 35358 51865

9 13 24243 5429

3 14 10125 24135

2 14 57123 2859

0 6 11117 27387

11 8 7223 54460

5 15 47101 65086

13 7 45077 46954

4 9 37712 21871

1 7 50385 61649

15 11 23825 5958

7 6 59213 59603

4 7 5049 23790

2 5 41681 45099

11 5 45019 45638

1 10 9860 29968

4
